2138438
2138462
2138486
2138510
2138534
2138558
2138582
2138606
2138630
2138654
2143101
2143130
2143159
2143188
2143217
2143246
2143275
2143304
2143333
2143362
2193907
2193945
2193983
2194021
2194059
2194097
2194135
2194173
2194211
2194249
2299575
2299605
2299635
2299665
2299695
2299725
2299755
2299785
2299815
2299845
2322720
2322776
2322832
2322888
2322944
2323000
2323056
2323112
2323168
2323224
2338352
2338378
2338404
2338430
2338456
2338482
2338508
2338534
2338560
2338586
2365590
2365619
2365648
2365677
2365706
2365735
2365764
2365793
2365822
2365851
2369844
2369877
2369910
2369943
2369976
2370009
2370042
2370075
2370108
2370141
2370879
2370925
2370971
2371017
2371063
2371109
2371155
2371201
2371247
2371293
2516924
2516952
2516980
2517008
2517036
2517064
2517092
2517120
2517148
2517176