# kaupskrá fastnums not in HMS-200 (status=500 OR not in staging)
# Generated 2026-05-25; kaupskrá total unique FNs: 126,362
2000084
2000086
2000206
2000207
2000208
2000260
2000262
2000400
2000426
2000427
2000593
2000598
2000877
2001538
2001637
2002174
2002176
2002178
2002350
2002453
2002676
2002713
2002760
2002820
2002849
2002851
2003006
2003135
2003227
2003229
2003238
2003239
2003240
2003241
2003242
2003243
2003244
2003245
2003246
2003247
2003248
2003249
2003250
2003251
2003252
2003253
2003254
2003255
2003256
2003257
2003258
2003259
2003260
2003261
2003267
2003268
2003270
2003273
2003372
2003445
2003476
2003705
2003707
2003935
2004439
2004441
2004442
2004443
2004444
2004445
2004447
2004448
2004449
2004450
2004477
2004478
2004479
2004480
2004481
2004553
2004554
2004632
2004634
2004635
2004636
2004637
2004638
2004639
2004640
2004641
2004643
2004644
2004645
2004678
2004679
2004680
2004681
2004682
2004683
2004684
2004685
2004686
2004687
2004688
2004781
2004798
2004923
2004936
2004940
2004941
2004942
2004983
2004985
2004986
2005013
2005096
2005102
2005104
2005105
2005106
2005123
2005224
2005226
2005228
2005229
2005230
2005231
2005241
2005314
2005391
2005393
2005394
2005395
2005396
2005397
2005398
2005462
2005464
2005465
2005634
2005852
2005890
2005961
2006003
2006020
2006144
2006168
2006280
2006609
2006662
2006663
2006825
2006839
2006893
2007666
2007699
2007760
2008006
2008007
2008050
2008809
2009320
2009356
2009367
2009368
2009370
2009371
2009372
2009374
2009375
2009376
2009377
2009432
2009720
2009728
2009786
2009787
2009789
2010046
2010048
2010487
2010508
2010509
2011006
2011217
2011218
2011219
2011220
2011223
2011356
2012282
2012324
2012325
2012326
2012654
2012655
2012656
2012657
2012658
2012659
2012660
2012681
2012697
2012699
2012700
2012706
2012798
2015203
2015252
2015253
2015254
2015255
2015256
2015257
2015258
2015259
2015260
2015261
2015262
2015263
2015264
2015265
2015266
2015267
2015268
2015269
2015546
2015550
2015642
2017032
2017704
2017721
2018655
2018656
2018657
2018658
2018659
2018660
2018661
2018662
2018752
2019443
2020252
2020723
2020867
2021023
2022515
2022549
2023155
2023177
2023296
2023297
2023321
2023358
2024030
2025654
2026601
2026789
2028172
2029186
2030503
2030587
2032781
2034063
2034498
2034976
2035513
2035548
2035880
2035914
2036488
2038429
2038431
2041283
2042844
2042846
2043056
2043156
2043297
2044184
2044185
2044186
2044187
2044188
2045690
2046338
2047055
2047893
2047894
2048041
2052216
2052217
2052218
2053181
2058052
2058053
2058054
2058417
2058418
2058422
2058424
2058425
2058427
2058428
2059055
2059080
2060577
2060578
2060581
2060582
2060583
2060584
2060586
2060587
2060588
2060590
2060591
2060592
2060593
2060594
2060595
2060596
2060597
2060598
2060599
2060600
2060601
2060602
2060603
2060604
2060605
2060606
2060607
2060608
2060609
2060610
2060611
2060612
2060613
2060614
2060615
2060616
2060618
2060619
2060620
2060621
2060622
2060623
2060624
2060625
2060626
2060627
2060628
2060629
2060630
2060631
2060632
2060633
2060634
2061148
2061149
2061153
2061154
2061155
2061162
2063499
2063562
2064402
2064403
2064423
2064424
2064432
2065189
2065286
2065903
2065905
2065906
2065907
2065908
2066250
2067104
2067108
2068062
2068170
2068580
2071689
2072535
2072979
2073485
2073512
2073624
2073697
2074282
2074568
2075309
2075415
2075416
2075725
2076048
2076103
2076631
2076632
2076634
2076636
2077138
2077602
2077608
2078639
2078640
2078641
2078642
2078644
2078645
2078647
2078648
2078649
2079453
2084340
2085085
2085086
2085213
2086505
2086574
2088348
2089450
2089451
2089452
2089453
2089531
2089702
2091088
2092741
2092900
2093252
2094178
2095000
2096692
2100005
2100058
2101238
2101278
2101279
2101997
2102233
2102425
2102426
2102427
2102461
2102462
2103428
2104625
2104964
2104965
2106256
2106871
2108221
2110060
2111015
2111206
2111644
2112861
2115210
2115211
2117212
2117294
2119277
2119278
2119500
2119504
2120027
2120028
2120029
2120030
2120255
2120343
2120754
2123653
2123660
2123661
2123662
2123697
2124102
2124580
2124940
2124942
2124944
2124945
2124948
2125006
2125503
2130247
2131792
2131974
2133284
2133287
2133791
2133794
2134100
2135188
2135487
2136822
2136968
2137108
2137763
2139195
2139670
2139672
2140413
2140414
2140758
2141385
2143072
2143685
2144624
2145259
2145550
2146496
2146615
2146923
2146933
2147635
2147890
2148492
2149377
2149832
2150063
2151127
2153087
2153508
2154059
2154644
2154803
2154806
2154950
2155173
2155174
2155175
2156155
2156660
2159036
2159262
2160197
2160226
2160407
2160417
2167850
2168543
2168571
2168572
2169127
2169559
2169568
2170181
2170210
2173616
2173617
2173618
2174215
2174217
2175758
2175958
2176032
2176033
2176034
2176035
2180630
2180655
2180922
2182595
2182625
2183569
2183718
2184093
2184403
2184423
2184489
2184589
2184957
2184958
2184959
2185255
2185477
2185584
2185692
2185695
2185696
2185710
2186131
2186496
2186508
2186951
2187444
2187454
2187455
2187459
2187753
2191488
2191507
2192691
2193127
2193316
2196098
2196242
2198911
2199637
2202463
2204183
2204184
2204516
2205426
2206331
2206332
2209853
2210063
2210165
2210519
2211605
2211606
2213034
2213052
2213218
2213315
2213316
2213319
2213320
2213332
2213334
2213440
2214481
2216158
2217677
2217686
2218047
2218904
2218905
2218907
2218908
2219172
2219994
2220114
2221624
2221626
2221774
2221791
2221792
2223010
2223153
2223182
2223336
2223337
2223339
2223340
2223426
2223429
2223435
2223444
2223523
2223909
2224537
2224837
2224838
2225219
2225291
2225292
2225293
2225294
2225374
2225604
2227067
2227419
2227421
2227917
2228263
2228286
2228288
2228290
2228355
2228356
2228357
2228845
2228943
2229076
2229241
2229242
2229243
2230234
2230261
2230384
2230385
2230614
2230619
2230621
2230672
2231071
2231072
2231098
2231176
2231177
2231178
2231181
2231341
2231342
2231606
2232617
2232696
2232699
2233353
2233562
2233587
2234104
2234194
2234563
2234565
2234566
2234567
2234568
2234572
2234873
2234948
2235045
2235171
2235393
2235421
2235422
2235423
2235470
2235482
2235653
2237042
2237338
2237339
2237439
2237466
2237467
2238059
2239001
2239060
2239248
2239250
2239355
2239795
2239796
2240306
2240983
2240984
2241573
2241574
2241732
2241733
2241841
2241843
2242240
2242736
2242737
2242913
2243062
2243582
2243590
2243591
2243868
2244154
2244155
2244254
2245266
2245309
2245442
2245886
2245887
2246106
2246827
2247216
2247791
2247792
2247793
2247794
2247795
2247796
2247812
2248290
2248482
2248566
2249338
2249339
2249429
2250672
2250673
2250674
2250932
2250939
2251175
2252231
2252235
2252238
2252241
2254406
2254866
2254872
2256243
2257294
2257450
2257927
2257928
2257999
2258085
2258088
2258089
2258641
2258642
2258643
2258644
2258645
2258646
2259014
2259037
2259418
2259419
2260187
2260188
2260189
2262132
2262134
2262140
2262141
2262142
2262143
2262144
2262145
2264241
2264532
2266689
2267528
2268523
2270619
2270970
2271147
2272132
2272134
2272135
2272136
2272137
2272138
2272577
2272578
2272579
2272580
2272581
2272582
2272723
2273332
2273461
2274157
2274158
2274159
2274160
2274161
2274162
2275298
2276340
2276873
2277330
2277752
2277753
2278345
2279070
2283623
2284615
2284620
2285741
2285938
2285939
2285941
2285942
2285943
2285995
2286209
2286210
2286211
2286212
2286213
2286214
2286215
2286216
2286217
2286218
2286219
2286220
2286221
2286222
2289115
2291182
2291183
2291815
2292845
2296850
2296851
2297488
2297489
2297490
2298059
2298443
2298620
2298625
2299294
2299298
2299301
2301003
2301006
2301009
2303253
2304059
2304373
2304379
2304381
2304383
2304387
2304393
2304397
2304399
2304401
2306673
2306674
2306863
2306864
2307393
2307394
2307524
2307837
2307839
2307846
2308025
2308253
2308254
2308255
2308256
2308257
2309132
2310972
2310974
2312000
2313319
2313650
2313651
2313652
2315067
2316450
2316452
2316453
2316553
2316771
2317922
2319323
2319932
2319959
2319960
2319961
2323519
2323520
2323526
2323907
2324193
2324936
2326920
2327611
2327612
2328356
2331872
2331962
2340662
2340663
2340673
2340674
2341933
2342177
2343289
2343452
2343454
2343455
2343456
2343457
2343458
2343465
2344967
2345896
2347380
2347829
2348130
2351724
2351725
2353080
2353149
2353675
2355685
2356815
2358142
2359562
2359564
2360413
2362160
2364533
2364534
2365371
2366995
2368337
2368453
2368455
2370433
2370505
2370506
2500841
2501768
2502859
2503426
2503427
2503428
2503429
2505310
2505312
2505313
2511556
2514036
2520377
2521272
2523238
2524322
2525645
2526295
2528893
2528895
2531902
2533283
2533284
2536638
